column	count	min	max	sum	mean	Q1	med	Q3	IQR	lW	rW	A_Count	C_Count	G_Count	T_Count	N_Count	Max_count
1	14309231	2	34	424211469	29.65	31	34	34	3	27	34	624379	7533571	504812	5646467	2	14309231
2	14309231	12	34	439403581	30.71	31	34	34	3	27	34	12561361	642074	518860	586936	0	14309231
3	14309231	11	34	450074558	31.45	32	34	34	2	29	34	5878899	863993	6916390	649949	0	14309231
4	14309231	11	34	449788544	31.43	33	34	34	1	32	34	627863	9721344	578293	3381731	0	14309231
5	14309231	11	34	466831042	32.62	34	34	34	0	34	34	648560	12444377	619653	596641	0	14309231
6	14309231	10	38	497405464	34.76	35	37	38	3	31	38	607688	628743	527318	12545482	0	14309231
7	14309231	10	38	483864862	33.81	34	37	38	4	28	38	636497	566412	524763	12581559	0	14309231
8	14309231	2	38	488609460	34.15	34	37	38	4	28	38	642658	584357	12388051	694164	1	14309231
9	14309231	9	38	519636355	36.31	37	37	38	1	36	38	568557	12664051	495437	581186	0	14309231
10	14309231	2	38	480823215	33.60	34	36	38	4	28	38	732971	664644	12268611	643004	1	14309231
11	14309231	2	38	474353097	33.15	31	37	38	7	21	38	7768859	610486	5291719	638166	1	14309231
12	14309231	2	38	510843075	35.70	37	38	38	1	36	38	642462	11930471	719397	1016900	1	14309231
13	14309231	9	38	527489183	36.86	37	38	38	1	36	38	589982	12625841	484993	608415	0	14309231
14	14309231	2	38	497960684	34.80	35	38	38	3	31	38	1330197	667570	11697323	614140	1	14309231
15	14309231	2	38	375119815	26.22	16	28	36	20	2	38	656866	596078	476357	12579929	1	14309231
16	14309231	2	38	462713968	32.34	28	35	38	10	13	38	12613672	621780	481234	592541	4	14309231
17	14309231	2	38	482179409	33.70	28	37	38	10	13	38	613901	12468508	637832	588986	4	14309231
18	14309231	2	38	443107284	30.97	24	35	37	13	5	38	718652	569490	462719	12558363	7	14309231
19	14309231	2	38	455007341	31.80	26	36	38	12	8	38	678215	11731917	509656	1389440	3	14309231
20	14309231	2	38	447501766	31.27	26	36	37	11	10	38	658682	12497980	568177	584385	7	14309231
21	14309231	2	38	483758220	33.81	31	37	38	7	21	38	588456	12620053	479229	621491	2	14309231
22	14309231	2	38	487345948	34.06	34	37	38	4	28	38	584494	12621597	494240	608893	7	14309231
23	14309231	2	38	469742405	32.83	26	37	38	12	8	38	12428748	743491	543509	593482	1	14309231
24	14309231	2	38	469005663	32.78	28	37	38	10	13	38	591904	598488	12479813	639025	1	14309231
25	14309231	2	38	468433430	32.74	27	37	38	11	11	38	596324	677286	12426716	608904	1	14309231
26	14309231	2	38	490478986	34.28	34	37	38	4	28	38	589356	12228034	483408	1008432	1	14309231
27	14309231	9	38	473891947	33.12	31	37	38	7	21	38	624627	626162	12449358	609084	0	14309231
28	14309231	2	38	476405018	33.29	31	37	38	7	21	38	652303	617855	12423352	615720	1	14309231
29	14309231	9	38	440506840	30.78	25	34	37	12	9	38	6040640	1920568	4576004	1772019	0	14309231
30	14309231	2	38	459918749	32.14	31	36	38	7	21	38	4738909	1760229	6075193	1734899	1	14309231
31	14309231	9	38	467009211	32.64	31	37	38	7	21	38	2061096	4067952	1591937	6588246	0	14309231
32	14309231	2	38	471329325	32.94	31	37	38	7	21	38	7172638	639493	5846474	650624	2	14309231
33	14309231	9	38	504929360	35.29	36	37	38	2	33	38	590552	12213592	484656	1020431	0	14309231
34	14309231	9	38	492414666	34.41	34	37	38	4	28	38	592814	552613	480605	12683199	0	14309231
35	14309231	9	38	500742896	34.99	34	37	38	4	28	38	637404	551559	489009	12631259	0	14309231
36	14309231	9	38	475645455	33.24	34	37	38	4	28	38	11307857	1866209	503030	632135	0	14309231
37	14309231	9	38	499463731	34.91	36	37	38	2	33	38	10826768	1262752	834766	1384945	0	14309231
38	14309231	9	38	488324964	34.13	34	37	38	4	28	38	944608	5218341	531496	7614786	0	14309231
39	14309231	9	38	485166389	33.91	34	37	38	4	28	38	1323458	589400	11583633	812740	0	14309231
40	14309231	9	38	483749632	33.81	34	37	38	4	28	38	628078	12070605	751044	859504	0	14309231
41	14309231	9	38	483520736	33.79	34	37	38	4	28	38	673750	690864	10894112	2050505	0	14309231
42	14309231	9	38	476119130	33.27	31	36	38	7	21	38	598972	587426	543223	12579610	0	14309231
43	14309231	9	38	474512810	33.16	31	36	38	7	21	38	646248	601850	525210	12535923	0	14309231
44	14309231	9	38	490717129	34.29	34	37	38	4	28	38	10605356	1751263	740849	1211763	0	14309231
45	14309231	9	38	489188831	34.19	34	37	38	4	28	38	1096168	858946	11625234	728883	0	14309231
46	14309231	9	38	520195157	36.35	37	38	38	1	36	38	577566	12570697	505197	655771	0	14309231
47	14309231	9	38	499471431	34.91	35	37	38	3	31	38	584493	571048	1186730	11966960	0	14309231
48	14309231	2	38	475808084	33.25	34	37	38	4	28	38	2512450	1842017	4481419	5473343	2	14309231
49	14309230	2	38	499516186	34.91	35	37	38	3	31	38	1060933	11896974	685993	665329	1	14309231
50	14309230	2	38	497767307	34.79	35	37	38	3	31	38	864696	661234	12111638	671661	1	14309231
51	14309230	2	38	476335062	33.29	33	37	38	5	26	38	2507657	2500595	7899406	1401570	2	14309231
52	14309230	9	38	479976200	33.54	33	37	38	5	26	38	637602	11417357	559111	1695160	0	14309231
53	14309230	9	38	483108475	33.76	34	37	38	4	28	38	11197211	1294111	1077214	740694	0	14309231
54	14309230	9	38	498663995	34.85	34	37	38	4	28	38	691807	11737720	1268458	611245	0	14309231
55	14309230	9	38	468478938	32.74	31	37	38	7	21	38	2023898	3746828	4637603	3900901	0	14309231
56	14309230	2	38	472654795	33.03	32	37	38	6	23	38	2581740	1413385	9424605	889498	2	14309231
57	14309230	9	38	472193818	33.00	33	37	38	5	26	38	7670231	3809919	2164240	664840	0	14309231
58	14309230	9	38	455590340	31.84	30	37	38	8	18	38	6440186	3104169	3592861	1172014	0	14309231
59	14309230	9	38	459649992	32.12	31	37	38	7	21	38	2657864	2403924	7834088	1413354	0	14309231
60	14309230	9	38	456782743	31.92	30	37	38	8	18	38	2255100	2606396	8337827	1109907	0	14309231
61	14309230	9	38	435190511	30.41	24	35	38	14	9	38	2115252	2868911	7461275	1863792	0	14309231
62	14309230	8	38	437198519	30.55	27	35	38	11	11	38	3900782	3650965	5092589	1664894	0	14309231
63	14309229	7	37	334705395	23.39	16	25	29	13	7	37	2529785	1812059	832083	9135302	0	14309231
64	14309229	9	38	407179170	28.46	24	33	36	12	9	38	3412289	6472593	2174054	2250293	0	14309231
65	14309229	8	38	411386165	28.75	23	31	36	13	8	38	3741940	1380369	7546661	1640259	0	14309231
66	14309229	9	38	436367046	30.50	25	34	37	12	9	38	7267463	3838772	2027690	1175304	0	14309231
67	14309229	2	38	418679287	29.26	24	34	37	13	5	38	2276520	3927803	1810302	6294603	1	14309231
68	14309229	9	38	442267550	30.91	27	36	37	10	12	38	5541442	3951220	2521839	2294728	0	14309231
69	14309229	9	38	471244897	32.93	33	37	38	5	26	38	1297143	9245413	2527424	1239249	0	14309231
70	14309229	9	38	487805099	34.09	34	37	38	4	28	38	1320691	10601560	1285338	1101640	0	14309231
71	14309229	9	38	478903753	33.47	34	37	38	4	28	38	1637246	9403694	1305840	1962449	0	14309231
72	14309229	9	38	475117521	33.20	33	37	38	5	26	38	2456058	6391705	4269322	1192144	0	14309231
73	14309229	9	38	469171047	32.79	31	37	38	7	21	38	3735336	7374302	1673736	1525855	0	14309231
74	14309229	9	38	471618483	32.96	33	37	38	5	26	38	2880533	8128395	1461456	1838845	0	14309231
75	14309229	9	38	471125852	32.92	31	37	38	7	21	38	7409321	3719938	2222673	957297	0	14309231
76	14309229	9	38	465404285	32.52	31	37	38	7	21	38	2707360	8044301	2250725	1306843	0	14309231
77	14309229	2	38	474246383	33.14	32	37	38	6	23	38	7575319	4259998	1360308	1113603	1	14309231
78	14309229	9	38	472431656	33.02	33	37	38	5	26	38	1962181	8003849	1391933	2951266	0	14309231
79	14309229	2	38	471906098	32.98	33	37	38	5	26	38	2677853	8677150	709229	2244994	3	14309231
80	14309228	2	38	459018186	32.08	30	37	38	8	18	38	5376771	2401866	2988680	3541910	1	14309231
81	14309227	2	38	445938373	31.16	27	37	38	11	11	38	7185339	3058258	1603817	2461812	1	14309231
82	14309227	9	38	458311176	32.03	29	37	38	9	16	38	3230967	1493133	7051014	2534113	0	14309231
83	14309226	2	38	471720488	32.97	33	37	38	5	26	38	945402	5991232	2113439	5259152	1	14309231
84	14309224	9	38	452613597	31.63	28	36	38	10	13	38	5640466	3059897	3080524	2528337	0	14309231
85	14309224	2	38	466161718	32.58	31	37	38	7	21	38	1459254	6629682	1707423	4512864	1	14309231
86	14309224	9	38	461616249	32.26	30	37	38	8	18	38	3331554	5169170	1216887	4591613	0	14309231
87	14309224	9	38	473097453	33.06	32	37	38	6	23	38	1666349	8653493	1130702	2858680	0	14309231
88	14309223	9	38	463233432	32.37	31	37	38	7	21	38	7389630	3675029	633743	2610821	0	14309231
89	14309223	8	38	460206475	32.16	30	37	38	8	18	38	1590097	2411564	3065573	7241989	0	14309231
90	14309223	8	38	465531847	32.53	31	37	38	7	21	38	1180035	7855966	1683509	3589713	0	14309231
91	14309222	2	38	466217209	32.58	31	37	38	7	21	38	1281088	1482116	7239102	4306913	3	14309231
92	14309222	2	38	485233723	33.91	34	37	38	4	28	38	717905	819177	1854722	10917416	2	14309231
93	14309222	9	38	453625992	31.70	28	37	38	10	13	38	2843581	1145219	1019396	9301026	0	14309231
94	14309221	9	38	457479891	31.97	30	37	38	8	18	38	1750816	2172154	2240992	8145259	0	14309231
95	14309221	2	38	436624602	30.51	24	36	38	14	3	38	7179680	2329222	2947763	1852555	1	14309231
96	14309221	2	38	452230995	31.60	28	37	38	10	13	38	1521345	4742247	7167029	878599	1	14309231
97	14309221	2	38	449873265	31.44	28	36	38	10	13	38	1807722	4032430	6882261	1586807	1	14309231
98	14309221	9	38	462181155	32.30	31	36	38	7	21	38	876956	2141895	10485678	804692	0	14309231
99	14309221	2	38	458087491	32.01	29	37	38	9	16	38	850827	7789853	2967527	2701013	1	14309231
100	14309221	2	38	437382391	30.57	25	35	38	13	6	38	1469640	3401769	5838671	3599140	1	14309231
101	14309221	9	38	433527639	30.30	24	35	38	14	9	38	4525346	1419019	4881596	3483260	0	14309231
102	14309221	9	38	460816709	32.20	31	37	38	7	21	38	3134960	915886	8411296	1847079	0	14309231
103	14309221	9	38	465176711	32.51	31	37	38	7	21	38	2278547	3156512	8014964	859198	0	14309231
104	14309220	9	38	443062340	30.96	25	36	38	13	9	38	7188710	2612908	1546894	2960708	0	14309231
105	14309220	9	38	465769642	32.55	31	37	38	7	21	38	3749163	8075978	721558	1762521	0	14309231
106	14309220	9	38	459735947	32.13	30	37	38	8	18	38	2413555	4092023	660262	7143380	0	14309231
107	14309220	9	38	464013556	32.43	31	37	38	7	21	38	7327592	4584141	1027991	1369496	0	14309231
108	14309220	9	38	462842947	32.35	30	37	38	8	18	38	3223759	9031753	1361088	692620	0	14309231
109	14309218	9	38	458821658	32.06	29	37	38	9	16	38	1512542	8506791	3518938	770947	0	14309231
110	14309218	8	38	435115672	30.41	24	35	38	14	8	38	3517381	1890161	7743985	1157691	0	14309231
111	14309218	9	38	455494100	31.83	29	36	38	9	16	38	1905214	1045279	10639299	719426	0	14309231
112	14309218	9	38	446884087	31.23	28	36	38	10	13	38	733094	993787	9232779	3349558	0	14309231
113	14309218	9	38	431401646	30.15	24	36	38	14	9	38	2923861	1856538	7995171	1533648	0	14309231
114	14309217	7	38	387337463	27.07	20	29	35	15	7	38	1833311	759023	1635361	10081522	0	14309231
115	14309217	9	38	416750030	29.12	23	34	37	14	9	38	7211448	3928350	652335	2517084	0	14309231
116	14309217	7	38	394792427	27.59	21	31	36	15	7	38	2068384	2064932	617374	9558527	0	14309231
117	14309217	9	38	429205131	30.00	24	35	37	13	9	38	2755358	8002796	547837	3003226	0	14309231
118	14309217	7	37	374574046	26.18	18	28	36	18	7	37	3867097	2713160	524646	7204314	0	14309231
119	14309217	7	38	402994326	28.16	22	32	37	15	7	38	7850525	1972487	519509	3966696	0	14309231
120	14309217	9	38	404265268	28.25	21	32	37	16	9	38	6913378	4547596	478381	2369862	0	14309231
121	14309217	7	38	397285295	27.76	22	32	36	14	7	38	1297476	4538358	1035696	7437687	0	14309231
122	14309217	7	38	434094820	30.34	25	35	37	12	7	38	820603	9120469	600728	3767417	0	14309231
123	14309217	9	38	450733754	31.50	28	37	38	10	13	38	673707	8940257	2589186	2106067	0	14309231
124	14309217	9	38	450238354	31.46	28	37	38	10	13	38	594016	5698423	1610828	6405950	0	14309231
125	14309217	9	38	450114524	31.46	29	36	38	9	16	38	627249	1176824	7446722	5058422	0	14309231
126	14309217	9	38	452339252	31.61	28	37	38	10	13	38	808203	1695556	1441781	10363677	0	14309231
127	14309217	9	38	454149624	31.74	29	36	38	9	16	38	604433	896030	3064372	9744382	0	14309231
128	14309217	9	38	435575525	30.44	24	35	38	14	9	38	615479	5260150	1766561	6667027	0	14309231
129	14309217	8	38	418489130	29.25	23	34	37	14	8	38	640141	3189770	6938994	3540312	0	14309231
130	14309216	8	38	456737311	31.92	29	36	38	9	16	38	787289	10575540	1236631	1709756	0	14309231
131	14309216	7	37	385600043	26.95	20	29	36	16	7	37	634504	5898885	554491	7221336	0	14309231
132	14309216	7	38	429876824	30.04	25	34	37	12	7	38	1511232	11072013	680807	1045164	0	14309231
133	14309216	9	38	447318567	31.26	28	34	37	9	15	38	761393	12315057	522545	710221	0	14309231
134	14309216	9	38	463961331	32.42	31	37	38	7	21	38	2552615	9763409	982847	1010345	0	14309231
135	14309216	9	38	469519040	32.81	31	36	38	7	21	38	1541787	11114020	722106	931303	0	14309231
136	14309216	8	38	436039627	30.47	24	35	38	14	8	38	3630616	2897464	2970754	4810382	0	14309231
137	14309216	8	38	432718459	30.24	24	35	38	14	8	38	2987952	6527040	3383090	1411134	0	14309231
138	14309215	7	38	400531476	27.99	21	32	37	16	7	38	757967	2740626	7085572	3725050	0	14309231
139	14309215	7	38	412767837	28.85	23	33	37	14	7	38	669955	8236847	1413205	3989208	0	14309231
140	14309215	7	38	408184701	28.53	23	32	37	14	7	38	700645	2003691	1249932	10354947	0	14309231
141	14309214	8	38	423124939	29.57	24	34	37	13	8	38	680034	3474404	1101425	9053351	0	14309231
142	14309214	8	38	432186673	30.20	25	35	38	13	8	38	641617	2068425	3446303	8152869	0	14309231
143	14309214	7	38	425372273	29.73	25	34	37	12	7	38	658098	9204828	1824474	2621814	0	14309231
144	14309214	7	38	415130429	29.01	23	33	37	14	7	38	1339509	3196607	8499682	1273416	0	14309231
145	14309214	9	38	428529048	29.95	23	35	38	15	9	38	1054282	8179866	1964796	3110270	0	14309231
146	14309214	7	38	383098715	26.77	20	30	36	16	7	38	1475912	5595712	5307194	1930396	0	14309231
147	14309214	8	38	408948530	28.58	21	34	37	16	8	38	1514309	7851872	787309	4155724	0	14309231
148	14309214	9	38	432243988	30.21	25	35	38	13	9	38	1434027	9801797	1500938	1572452	0	14309231
149	14309214	7	37	347911765	24.31	16	25	33	17	7	37	3108023	3163954	847915	7189322	0	14309231
150	14309214	8	38	411087854	28.73	21	34	37	16	8	38	1765439	7451097	3886008	1206670	0	14309231
151	14309214	7	38	380748170	26.61	20	30	36	16	7	38	7047813	4168199	1728226	1364976	0	14309231
152	14309214	7	37	388817994	27.17	20	31	36	16	7	37	1566757	2421678	9340059	980720	0	14309231
153	14309214	7	38	400611329	28.00	21	32	37	16	7	38	1183050	6329691	2649948	4146525	0	14309231
154	14309214	7	38	422094438	29.50	24	34	37	13	7	38	978239	3935523	7479583	1915869	0	14309231
155	14309214	7	37	391073735	27.33	20	31	37	17	7	37	2936547	2074340	1605946	7692381	0	14309231
156	14309214	9	38	413650399	28.91	21	34	38	17	9	38	2135403	7733259	2758891	1681661	0	14309231
157	14309214	9	38	400202348	27.97	20	33	37	17	9	38	7701315	2110835	1725369	2771695	0	14309231
158	14309214	8	38	404267391	28.25	20	34	37	17	8	38	4443969	1378020	6107078	2380147	0	14309231
159	14309214	9	38	409276178	28.60	22	34	37	15	9	38	2713848	2573492	2696366	6325508	0	14309231
160	14309214	9	38	403869665	28.22	20	33	37	17	9	38	4544223	3274456	3085117	3405418	0	14309231
161	14309214	8	38	394675540	27.58	19	32	37	18	8	38	3201709	3863247	3328488	3915770	0	14309231
162	14309214	9	38	398419091	27.84	19	33	37	18	9	38	2060438	5971529	3199975	3077272	0	14309231
163	14309214	8	38	378372820	26.44	17	29	37	20	8	38	2003318	3492177	6237100	2576619	0	14309231
164	14309214	7	38	366033102	25.58	16	28	36	20	7	38	1761664	3992040	6321980	2233530	0	14309231
165	14309214	8	38	388481037	27.15	19	30	37	18	8	38	1072151	6280165	2336173	4620725	0	14309231
166	14309213	8	38	422796495	29.55	25	34	37	12	8	38	2710853	9734610	777785	1085965	0	14309231
167	14309213	9	38	423499536	29.60	24	34	38	14	9	38	1620890	8793796	2805512	1089015	0	14309231
168	14309213	8	38	383524201	26.80	18	30	37	19	8	38	7420628	2422306	2460648	2005631	0	14309231
169	14309213	8	38	391240841	27.34	19	31	37	18	8	38	2191865	1326994	9248305	1542049	0	14309231
170	14309213	8	38	377228427	26.36	17	29	37	20	8	38	3973684	2433696	5933728	1968105	0	14309231
171	14309213	7	38	343778962	24.03	13	25	36	23	7	38	5074346	2040753	5065655	2128459	0	14309231
172	14309213	7	38	352766707	24.65	14	26	36	22	7	38	3140891	3871720	4204095	3092507	0	14309231
173	14309213	7	37	336347786	23.51	15	25	33	18	7	37	1429095	5109793	5795534	1974791	0	14309231
174	14309213	7	37	344140377	24.05	16	25	33	17	7	37	810123	8343036	3286585	1869469	0	14309231
175	14309213	8	38	410903628	28.72	22	34	37	15	8	38	700925	10306679	1413442	1888167	0	14309231
176	14309213	7	37	333620996	23.32	16	24	32	16	7	37	626256	5149417	6859202	1674338	0	14309231
177	14309213	8	38	394109211	27.54	20	31	36	16	8	38	600668	9725007	1014207	2969331	0	14309231
178	14309213	7	38	363528265	25.41	18	28	35	17	7	38	685026	8251408	1055712	4317067	0	14309231
179	14309213	7	37	352884705	24.66	17	26	35	18	7	37	610811	4880510	728676	8089216	0	14309231
180	14309213	7	37	329243939	23.01	15	24	32	17	7	37	839774	2739514	2824704	7905221	0	14309231
181	14309213	7	37	355670493	24.86	17	27	35	18	7	37	1145211	10052904	1659154	1451944	0	14309231
182	14309213	7	37	346426173	24.21	16	26	33	17	7	37	740621	5516044	6730183	1322365	0	14309231
183	14309213	8	38	385640917	26.95	18	30	36	18	8	38	2313141	9700572	1241185	1054315	0	14309231
184	14309213	9	38	416964346	29.14	23	34	37	14	9	38	1331972	10719041	989025	1269175	0	14309231
185	14309213	7	38	333615572	23.31	15	25	33	18	7	38	6355304	4704867	1400414	1848628	0	14309231
186	14309213	7	38	365077435	25.51	17	28	35	18	7	38	1210474	8086845	2573438	2438456	0	14309231
187	14309213	7	38	319729578	22.34	13	23	32	19	7	38	904273	6238900	4425083	2740957	0	14309231
188	14309213	7	38	308729221	21.58	13	21	30	17	7	38	949307	1822571	7641348	3895987	0	14309231
189	14309213	7	37	296588648	20.73	12	21	29	17	7	37	989004	1448889	9190828	2680492	0	14309231
190	14309213	7	37	327321919	22.87	14	24	32	18	7	37	681317	1840010	2329156	9458730	0	14309231
191	14309213	7	37	293605460	20.52	11	20	29	18	7	37	998364	1693069	6022830	5594950	0	14309231
192	14309213	7	37	331166941	23.14	14	24	33	19	7	37	751480	3859572	1187924	8510237	0	14309231
193	14309213	7	37	346053698	24.18	16	25	33	17	7	37	616605	4036300	631504	9024804	0	14309231
194	14309213	7	37	371097601	25.93	19	28	35	16	7	37	788947	8510212	853319	4156735	0	14309231
195	14309213	7	38	386744307	27.03	20	30	37	17	7	38	697660	9677864	955916	2977773	0	14309231
196	14309213	7	37	357628155	24.99	17	27	34	17	7	37	876206	5226567	995153	7211287	0	14309231
197	14309213	7	38	361599619	25.27	17	27	36	19	7	38	1473229	8699529	1800253	2336202	0	14309231
198	14309213	8	38	395330608	27.63	18	32	37	19	8	38	1892682	9047168	1516648	1852715	0	14309231
199	14309213	7	38	314598430	21.99	12	22	31	19	7	38	5610563	4664927	1757506	2276217	0	14309231
200	14309213	7	37	296614917	20.73	11	20	30	19	7	37	2447289	1853079	5694655	4314190	0	14309231
201	14309213	2	37	295070654	20.62	11	20	30	19	2	37	8366447	2707190	1349553	1886022	1	14309231
202	14309213	7	37	313338485	21.90	13	21	31	18	7	37	2566884	1188442	625252	9928635	0	14309231
203	14309213	7	37	302463090	21.14	11	21	30	19	7	37	5576561	5418542	566594	2747516	0	14309231
204	14309213	7	37	312992314	21.87	12	21	31	19	7	37	1721253	2775761	633010	9179189	0	14309231
205	14309213	7	37	321086096	22.44	13	22	32	19	7	37	2801256	7704928	1275678	2527351	0	14309231
206	14309213	7	37	329521863	23.03	13	24	32	19	7	37	2143760	4892167	615297	6657989	0	14309231
207	14309213	7	37	306563003	21.42	12	21	31	19	7	37	6761118	2584067	3326859	1637169	0	14309231
208	14309213	7	38	363906524	25.43	16	27	36	20	7	38	1720019	9478861	1801368	1308965	0	14309231
209	14309213	7	37	293771288	20.53	11	19	30	19	7	37	3479233	2928317	6585939	1315724	0	14309231
210	14309213	2	38	349235738	24.41	14	25	36	22	2	38	1926731	7770427	1120867	3491187	1	14309231
211	14309213	7	38	285176093	19.93	9	19	29	20	7	38	6243912	3464051	588500	4012750	0	14309231
212	14309213	7	38	330332506	23.09	15	23	33	18	7	38	1876979	1189448	810987	10431799	0	14309231
213	14309213	8	38	376837035	26.34	17	28	36	19	8	38	701142	4129744	686503	8791824	0	14309231
214	14309213	7	38	339994378	23.76	14	24	34	20	7	38	2601293	3363556	545548	7798816	0	14309231
215	14309213	7	38	372529249	26.03	17	27	37	20	7	38	1440671	10460894	918864	1488784	0	14309231
216	14309213	2	38	324146619	22.65	13	23	32	19	2	38	6211158	6393359	536913	1167782	1	14309231
217	14309212	7	38	329671858	23.04	13	24	33	20	7	38	1360161	9460163	1650142	1838746	0	14309231
218	14309212	2	38	371358729	25.95	18	27	37	19	2	38	1092209	10756601	1040899	1419502	1	14309231
219	14309212	2	37	276707846	19.34	11	19	27	16	2	37	1097581	3808164	5847065	3556401	1	14309231
220	14309211	2	37	283047980	19.78	11	19	28	17	2	37	2998537	8325772	1164480	1820421	1	14309231
221	14309211	7	37	288994452	20.20	12	19	29	17	7	37	1658235	4950146	573324	7127506	0	14309231
222	14309211	7	37	278968895	19.50	11	19	27	16	7	37	7722310	4365190	704797	1516914	0	14309231
223	14309211	7	37	296764158	20.74	12	20	29	17	7	37	2690043	10023823	804244	791101	0	14309231
224	14309211	2	37	261475270	18.27	8	18	26	18	2	37	5865534	5765987	1102970	1574719	1	14309231
225	14309211	2	38	289323755	20.22	12	19	27	15	2	38	2098172	9723578	1257258	1230202	1	14309231
226	14309211	7	38	308113747	21.53	11	21	31	20	7	38	1211263	8631241	2968751	1497956	0	14309231
227	14309211	7	37	247999591	17.33	7	16	24	17	7	37	2528332	3643512	5174475	2962892	0	14309231
228	14309211	7	37	243338660	17.01	7	16	24	17	7	37	3354242	2054491	6972599	1927879	0	14309231
229	14309211	2	37	248073339	17.34	7	16	24	17	2	37	3587293	1902655	7249330	1569932	1	14309231
230	14309211	7	37	239314959	16.72	7	15	24	17	7	37	6641417	2770734	1643062	3253998	0	14309231
231	14309211	7	37	238919274	16.70	8	14	23	15	7	37	6082099	2757510	1231224	4238378	0	14309231
232	14309211	7	37	257694344	18.01	8	17	25	17	7	37	1233221	3614687	1411476	8049827	0	14309231
233	14309211	7	37	287962901	20.12	12	20	27	15	7	37	773884	4797910	669949	8067468	0	14309231
234	14309211	7	37	282236536	19.72	11	19	27	16	7	37	2002066	9008098	1135755	2163292	0	14309231
235	14309211	7	38	324347154	22.67	14	23	31	17	7	38	1189550	10448457	879752	1791452	0	14309231
236	14309211	7	37	260027360	18.17	8	17	26	18	7	37	4396220	4761818	3096782	2054391	0	14309231
237	14309211	2	37	280682425	19.62	11	19	27	16	2	37	1282679	9518224	1352178	2156129	1	14309231
238	14309211	2	37	255160432	17.83	8	17	25	17	2	37	2964937	5906484	1285705	4152084	1	14309231
239	14309211	7	37	253672730	17.73	8	17	25	17	7	37	1637090	7031795	933147	4707179	0	14309231
240	14309211	7	38	280060461	19.57	12	19	26	14	7	38	1125942	10120765	832610	2229894	0	14309231
241	14309211	7	38	299968569	20.96	13	21	29	16	7	38	788972	9930531	571191	3018517	0	14309231
242	14309211	7	38	315003913	22.01	15	22	29	14	7	38	911308	11138741	607923	1651239	0	14309231
243	14309211	7	37	281443151	19.67	11	19	27	16	7	37	748407	4739065	717039	8104700	0	14309231
244	14309211	7	37	288206983	20.14	12	19	29	17	7	37	1099469	9849315	860354	2500073	0	14309231
245	14309211	7	37	268522914	18.77	8	18	27	19	7	37	1193086	4956564	1045302	7114259	0	14309231
246	14309211	7	37	267291785	18.68	11	18	25	14	7	37	1586642	8782793	1167121	2772655	0	14309231
247	14309211	2	38	267911838	18.72	11	18	25	14	2	38	1893626	9191403	1937067	1287114	1	14309231
248	14309211	7	38	272315598	19.03	9	19	26	17	7	38	1734979	8451380	2041667	2081185	0	14309231
249	14309211	7	37	227053894	15.87	7	13	22	15	7	37	3666131	3764267	4552000	2326813	0	14309231
250	14309211	7	37	231461311	16.18	8	13	22	14	7	37	2366283	7143966	2614667	2184295	0	14309231
251	14309211	2	38	229041408	16.01	7	13	21	14	2	38	4427864	5576197	852299	3452850	1	14309231
252	14309211	2	38	253884350	17.74	11	17	24	13	2	38	1541541	9598851	628261	2540557	1	14309231
253	14309211	7	37	228436791	15.96	8	13	21	13	7	37	1525205	3942379	1513893	7327734	0	14309231
254	14309211	7	37	246412496	17.22	8	17	24	16	7	37	3284837	8315754	679109	2029511	0	14309231
255	14309211	2	37	218494914	15.27	8	13	21	13	2	37	4720385	3897557	2985259	2706009	1	14309231
256	14309211	7	37	219313299	15.33	8	13	20	12	7	37	6580737	4782531	1525975	1419968	0	14309231
257	14309211	7	37	215859494	15.09	8	13	20	12	7	37	2014942	4283595	6251529	1759145	0	14309231
258	14309211	7	38	239383575	16.73	8	15	23	15	7	38	1909106	8845404	1377739	2176962	0	14309231
259	14309211	2	38	245331547	17.15	8	16	23	15	2	38	1727398	8877450	1154636	2549726	1	14309231
260	14309211	7	38	222112312	15.52	7	13	21	14	7	38	3107524	6765838	1903075	2532774	0	14309231
261	14309211	2	37	216452216	15.13	7	12	19	12	2	37	1961797	6079881	3364563	2902969	1	14309231
262	14309211	7	38	222626835	15.56	7	13	21	14	7	38	2640005	7689664	2245464	1734078	0	14309231
263	14309211	2	38	272398535	19.04	9	17	26	17	2	38	1765448	9232287	1927703	1383772	1	14309231
264	14309211	2	38	213394628	14.91	7	12	19	12	2	37	4948314	4884566	1624030	2852300	1	14309231
265	14309211	7	37	203969991	14.25	7	12	19	12	7	37	2247704	3492440	5980523	2588544	0	14309231
266	14309211	7	37	206756787	14.45	8	12	19	11	7	35	1835747	2904621	1558898	8009945	0	14309231
267	14309211	2	37	203616887	14.23	8	12	19	11	2	35	3679475	5795469	838437	3995829	1	14309231
268	14309211	7	37	198592015	13.88	8	12	19	11	7	35	2246482	4614639	1376455	6071635	0	14309231
269	14309211	2	38	240628631	16.82	9	15	23	14	2	38	2730325	8420152	1772374	1386358	2	14309231
270	14309211	2	38	211933666	14.81	8	12	19	11	2	35	4123300	5858255	3343724	983930	2	14309231
271	14309211	7	38	206835002	14.45	8	12	19	11	7	35	3819228	4635641	4230047	1624295	0	14309231
272	14309211	7	37	201337008	14.07	7	12	19	12	7	37	4738339	4140578	3968362	1461932	0	14309231
273	14309211	7	38	252404902	17.64	9	16	24	15	7	38	1327971	8244487	2323491	2413262	0	14309231
274	14309211	7	37	197780337	13.82	7	12	19	12	7	37	2224700	4276422	5687935	2120154	0	14309231
275	14309211	7	38	232036386	16.22	8	14	22	14	7	38	2225121	8516793	2113982	1453315	0	14309231
276	14309211	7	38	210262685	14.69	7	12	19	12	7	37	3699427	6932408	1221985	2455391	0	14309231
277	14309211	7	37	198842059	13.90	7	12	19	12	7	37	2229621	4512297	3946222	3621071	0	14309231
278	14309211	7	37	211665084	14.79	7	12	19	12	7	37	1116816	5421868	1462274	6308253	0	14309231
279	14309211	2	37	221335205	15.47	8	13	21	13	2	37	1124363	5978398	1035344	6171105	1	14309231
280	14309211	7	37	230963600	16.14	8	13	21	13	7	37	1299260	9249161	1438918	2321872	0	14309231
281	14309211	7	38	246802084	17.25	8	16	24	16	7	38	1501199	9717782	1801371	1288859	0	14309231
282	14309211	7	38	244901028	17.11	8	15	24	16	7	38	1546608	8417445	2561210	1783948	0	14309231
283	14309211	7	38	219388991	15.33	7	12	21	14	7	38	1930622	7192475	3670923	1515191	0	14309231
284	14309211	2	38	195280406	13.65	7	11	18	11	2	34	1978196	4226431	5005323	3099260	1	14309231
285	14309211	2	37	184958608	12.93	7	11	18	11	2	34	1333131	2571251	5995112	4409716	1	14309231
286	14309211	7	37	192838184	13.48	7	12	19	12	7	37	1211177	2374933	3267143	7455958	0	14309231
287	14309211	7	37	191195639	13.36	7	11	18	11	7	34	2363630	3345272	1479860	7120449	0	14309231
288	14309211	7	37	179896060	12.57	7	11	17	10	7	32	3340264	3959362	4907264	2102321	0	14309231
289	14309211	7	37	185458293	12.96	8	11	17	9	7	30	5091371	6097681	2011548	1108611	0	14309231
290	14309211	7	37	189629421	13.25	8	12	18	10	7	33	1535118	5787018	5624334	1362741	0	14309231
291	14309199	7	37	208979025	14.60	8	13	19	11	7	35	1270175	9968547	2045812	1024665	0	14309231
292	14309000	7	38	225545607	15.76	8	14	21	13	7	38	1349141	9774933	1807277	1377649	0	14309231
293	14308932	7	38	209509337	14.64	7	12	19	12	7	37	1149915	7374424	4286670	1497923	0	14309231
294	14308549	7	38	200252837	14.00	7	11	19	12	7	37	2221251	5810065	4869437	1407796	0	14309231
295	14304377	7	38	196500126	13.74	7	11	18	11	7	34	1208227	4684557	6824357	1587236	0	14309231
296	14303019	7	37	180278685	12.60	7	11	17	10	7	32	2224806	4325921	6117985	1634307	0	14309231
297	14279821	7	37	175735516	12.31	7	11	16	9	7	29	1557481	4090932	5802118	2829290	0	14309231
298	14255224	7	37	177867354	12.48	7	11	16	9	7	29	3414221	5624563	1372222	3844218	0	14309231
299	14217324	7	37	181014243	12.73	7	11	17	10	7	32	1473607	3330591	1168183	8244943	0	14309231
300	13774012	7	37	188948373	13.72	7	12	19	12	7	37	924822	4515167	892693	7441330	0	14309231
301	4307518	7	37	45155710	10.48	7	8	12	5	7	19	671402	0	661725	2974391	0	14309231
