column	count	min	max	sum	mean	Q1	med	Q3	IQR	lW	rW	A_Count	C_Count	G_Count	T_Count	N_Count	Max_count
1	14309231	2	34	467831839	32.69	34	34	34	0	34	34	735060	890224	1531943	11152003	1	14309231
2	14309231	2	34	471717815	32.97	34	34	34	0	34	34	12731605	520074	512019	545532	1	14309231
3	14309231	2	34	475475460	33.23	34	34	34	0	34	34	678148	12593610	474815	562657	1	14309231
4	14309231	2	34	477578258	33.38	34	34	34	0	34	34	3213992	698590	9804609	592039	1	14309231
5	14309231	2	34	471828684	32.97	34	34	34	0	34	34	2905703	464859	7088131	3850537	1	14309231
6	14309231	2	38	519394518	36.30	36	38	38	2	33	38	10520994	563673	2656144	568419	1	14309231
7	14309231	2	38	524471603	36.65	37	38	38	1	36	38	792089	1181111	11725423	610607	1	14309231
8	14309231	2	38	521904972	36.47	36	38	38	2	33	38	831951	892024	11921290	663965	1	14309231
9	14309231	2	38	524943247	36.69	37	38	38	1	36	38	925028	1009196	10025243	2349763	1	14309231
10	14309231	2	38	514123873	35.93	37	38	38	1	36	38	1430493	1462534	7023138	4393065	1	14309231
11	14309231	2	38	522860969	36.54	37	38	38	1	36	38	924652	1561143	11013864	809571	1	14309231
12	14309231	2	38	516706298	36.11	37	38	38	1	36	38	645804	12422032	585136	656258	1	14309231
13	14309231	2	38	511431071	35.74	36	38	38	2	33	38	7539602	635226	3397187	2737215	1	14309231
14	14309231	2	38	518512266	36.24	36	37	38	2	33	38	12650107	502275	594612	562236	1	14309231
15	14309231	2	38	520751121	36.39	37	38	38	1	36	38	1447661	500263	11774821	586485	1	14309231
16	14309231	2	38	507549602	35.47	35	37	38	3	31	38	705138	12344215	520669	739208	1	14309231
17	14309231	2	38	511345422	35.74	35	37	38	3	31	38	645162	481367	12595699	587002	1	14309231
18	14309231	2	38	479396350	33.50	31	35	37	6	22	38	613502	495989	655968	12543771	1	14309231
19	14309231	2	38	483994523	33.82	33	37	38	5	26	38	677796	494855	508028	12628551	1	14309231
20	14309231	2	38	503969697	35.22	34	37	38	4	28	38	3611782	681703	9411030	604715	1	14309231
21	14309231	2	38	519584270	36.31	37	38	38	1	36	38	1934089	1580892	767313	10026934	3	14309231
22	14309231	2	38	512231408	35.80	36	37	38	2	33	38	602760	3334685	751740	9620044	2	14309231
23	14309231	2	38	523355627	36.57	37	38	38	1	36	38	615653	12428343	655868	609366	1	14309231
24	14309231	2	38	515428443	36.02	36	37	38	2	33	38	779150	556997	12391431	581652	1	14309231
25	14309231	2	38	519848178	36.33	36	38	38	2	33	38	652617	627614	12432791	596208	1	14309231
26	14309231	2	38	506395567	35.39	34	37	38	4	28	38	12505166	565086	660177	578757	45	14309231
27	14309231	2	38	495169653	34.60	34	37	38	4	28	38	10002722	518191	782211	3006076	31	14309231
28	14309231	2	38	503551571	35.19	35	37	38	3	31	38	735903	481907	521631	12569788	2	14309231
29	14309231	2	38	512858064	35.84	37	38	38	1	36	38	629906	3737631	650406	9291282	6	14309231
30	14309231	2	38	510150233	35.65	35	37	38	3	31	38	12650215	507490	562667	588858	1	14309231
31	14309231	2	38	512444519	35.81	37	38	38	1	36	38	635551	9748944	483505	3441229	2	14309231
32	14309231	2	38	515003617	35.99	37	38	38	1	36	38	622267	488847	524783	12673333	1	14309231
33	14309231	2	38	522991244	36.55	37	38	38	1	36	38	684832	480111	12530866	613418	4	14309231
34	14309231	2	38	528461447	36.93	37	38	38	1	36	38	678680	482060	12559106	589382	3	14309231
35	14309231	2	38	531884501	37.17	37	38	38	1	36	38	679783	495986	12556038	577418	6	14309231
36	14309230	2	38	523221861	36.57	37	38	38	1	36	38	687640	12072420	535477	1013687	6	14309231
37	14309229	2	38	522083545	36.49	37	38	38	1	36	38	708017	709619	11223759	1667824	10	14309231
38	14309229	2	38	502888526	35.14	34	37	38	4	28	38	630122	489259	528953	12660888	7	14309231
39	14309228	2	38	508017850	35.50	35	37	38	3	31	38	12623097	556384	522012	607724	11	14309231
40	14309228	2	38	500274691	34.96	34	37	38	4	28	38	12482075	757772	512640	556736	5	14309231
41	14309228	2	38	514097306	35.93	36	38	38	2	33	38	12708963	530818	518642	550802	3	14309231
42	14309228	2	38	526551277	36.80	37	38	38	1	36	38	686753	485986	12543689	592796	4	14309231
43	14309228	2	38	515483476	36.02	37	38	38	1	36	38	1911320	4720369	6965265	712269	5	14309231
44	14309228	2	38	524768703	36.67	37	38	38	1	36	38	818039	497293	12407164	586720	12	14309231
45	14309227	2	38	501359009	35.04	35	37	38	3	31	38	936600	8787984	533517	4051119	7	14309231
46	14309225	2	38	509268688	35.59	36	38	38	2	33	38	2242241	847203	8610601	2609171	9	14309231
47	14309223	2	38	509042488	35.57	36	38	38	2	33	38	667051	10738362	580226	2323573	11	14309231
48	14309223	2	38	519213983	36.29	36	38	38	2	33	38	617352	529172	12495174	667509	16	14309231
49	14309221	2	38	507882271	35.49	36	38	38	2	33	38	645469	2369503	576635	10717589	25	14309231
50	14309221	2	38	511500711	35.75	36	38	38	2	33	38	12615049	529996	594917	569227	32	14309231
51	14309221	2	38	517346660	36.15	37	38	38	1	36	38	660096	497783	12564192	587131	19	14309231
52	14309221	2	38	510871010	35.70	36	38	38	2	33	38	694173	726592	12272634	615811	11	14309231
53	14309221	2	38	505541751	35.33	36	37	38	2	33	38	645716	10508049	609880	2545565	11	14309231
54	14309219	2	38	519318155	36.29	36	38	38	2	33	38	612524	511792	12523376	661501	26	14309231
55	14309218	2	38	524664661	36.67	37	38	38	1	36	38	618914	567662	12532550	590072	20	14309231
56	14309218	2	38	499642858	34.92	35	38	38	3	31	38	1540371	6677992	1366570	4724252	33	14309231
57	14309218	2	38	498583873	34.84	35	38	38	3	31	38	977342	5677914	1758579	5895349	34	14309231
58	14309217	2	38	495631236	34.64	35	38	38	3	31	38	3231267	3576083	2080500	5421327	40	14309231
59	14309217	2	38	504375656	35.25	36	38	38	2	33	38	2537715	1701743	5736794	4332922	43	14309231
60	14309217	2	38	503179092	35.16	36	38	38	2	33	38	1529059	3332827	5658997	3788307	27	14309231
61	14309217	2	38	508446785	35.53	36	37	38	2	33	38	947838	3694655	648633	9018058	33	14309231
62	14309216	2	38	513913234	35.91	37	38	38	1	36	38	11060084	928348	1482265	838495	24	14309231
63	14309214	2	38	514421797	35.95	37	38	38	1	36	38	11163135	1273472	912792	959768	47	14309231
64	14309214	2	38	525330190	36.71	37	38	38	1	36	38	705131	501723	12443874	658453	33	14309231
65	14309214	2	38	506891606	35.42	36	37	38	2	33	38	1043521	943741	625660	11696282	10	14309231
66	14309213	2	38	514564108	35.96	37	37	38	1	36	38	789104	10741136	1181842	1597113	18	14309231
67	14309213	2	38	498574178	34.84	35	37	38	3	31	38	4917436	1886747	4978454	2526565	11	14309231
68	14309212	2	38	512984939	35.85	37	38	38	1	36	38	1690166	1058928	10062658	1497442	18	14309231
69	14309212	2	38	501214401	35.03	36	38	38	2	33	38	5379031	1805128	4974514	2150491	48	14309231
70	14309210	2	38	501950639	35.08	36	38	38	2	33	38	845155	4200273	3238399	6025344	39	14309231
71	14309210	2	38	519541749	36.31	37	38	38	1	36	38	673515	610978	12356798	667901	18	14309231
72	14309209	2	38	504457032	35.25	36	37	38	2	33	38	631727	602873	709347	12365245	17	14309231
73	14309205	2	38	516744758	36.11	37	38	38	1	36	38	709595	532649	12037739	1029198	24	14309231
74	14309202	2	38	493025810	34.46	34	37	38	4	28	38	12417084	559592	722734	609772	20	14309231
75	14309196	2	38	492997218	34.45	34	37	38	4	28	38	12617201	594777	524631	572569	18	14309231
76	14309194	2	38	500004245	34.94	34	37	38	4	28	38	12626875	542206	515015	625080	18	14309231
77	14309192	2	38	501293929	35.03	36	37	38	2	33	38	1692859	636559	4245191	7734558	25	14309231
78	14309191	2	38	518116707	36.21	37	38	38	1	36	38	795858	11480162	818389	1214738	44	14309231
79	14309190	2	38	504197420	35.24	36	37	38	2	33	38	668888	10280595	628753	2730912	42	14309231
80	14309188	2	38	515133834	36.00	37	38	38	1	36	38	910900	10689994	822033	1886217	44	14309231
81	14309184	2	38	495469430	34.63	35	37	38	3	31	38	1700901	5191408	3508433	3908379	63	14309231
82	14309181	2	38	502106179	35.09	36	38	38	2	33	38	2125084	4917607	6340247	926173	70	14309231
83	14309180	2	38	510884184	35.70	36	38	38	2	33	38	2797400	793426	9913597	804666	91	14309231
84	14309178	2	38	519019643	36.27	37	38	38	1	36	38	646452	529940	12548036	584704	46	14309231
85	14309178	2	38	513310497	35.87	36	38	38	2	33	38	644307	12335316	727578	601886	91	14309231
86	14309177	2	38	488881750	34.17	34	37	38	4	28	38	635981	1059654	535692	12077768	82	14309231
87	14309177	2	38	490746750	34.30	34	37	38	4	28	38	684480	8183049	552656	4888889	103	14309231
88	14309176	2	38	495584367	34.63	34	37	38	4	28	38	12416868	690758	506090	695402	58	14309231
89	14309176	2	38	504588170	35.26	35	37	38	3	31	38	12339898	859922	530261	579063	32	14309231
90	14309175	2	38	495868753	34.65	35	37	38	3	31	38	868512	12275034	525993	639581	55	14309231
91	14309174	2	38	502637071	35.13	36	37	38	2	33	38	745540	8696586	686993	4180001	54	14309231
92	14309174	2	38	495802470	34.65	35	37	38	3	31	38	820402	4381249	4790460	4317021	42	14309231
93	14309174	2	38	493985567	34.52	34	37	38	4	28	38	2460574	3254188	6566215	2028174	23	14309231
94	14309172	2	38	508537615	35.54	36	38	38	2	33	38	1661815	773083	10964705	909529	40	14309231
95	14309172	2	38	503516411	35.19	36	38	38	2	33	38	2678293	620250	10278308	732300	21	14309231
96	14309172	2	38	488120955	34.11	34	37	38	4	28	38	10025661	614033	2912606	756855	17	14309231
97	14309172	2	38	500254435	34.96	36	37	38	2	33	38	10098973	1553057	1672656	984472	14	14309231
98	14309172	2	38	498880617	34.86	36	38	38	2	33	38	1030785	7764669	2530999	2982704	15	14309231
99	14309172	2	38	501119348	35.02	36	37	38	2	33	38	755512	719334	3830545	9003769	12	14309231
100	14309171	2	38	508187317	35.51	37	38	38	1	36	38	778562	1066755	10680672	1783162	20	14309231
101	14309171	2	38	502319313	35.10	35	37	38	3	31	38	749532	12071173	832740	655701	25	14309231
102	14309171	2	38	494072540	34.53	34	37	38	4	28	38	4467931	3298923	5636096	906191	30	14309231
103	14309171	2	38	490171102	34.26	34	37	38	4	28	38	1503700	2911580	2301458	7592409	24	14309231
104	14309170	2	38	492972591	34.45	34	38	38	4	28	38	1255754	4898991	1419116	6735291	18	14309231
105	14309169	2	38	493264143	34.47	35	38	38	3	31	38	949350	4772165	3524153	5063484	17	14309231
106	14309168	2	38	507509812	35.47	36	38	38	2	33	38	1583807	1180035	10743926	801377	23	14309231
107	14309168	2	38	479548060	33.51	33	37	38	5	26	38	11242999	627938	1399187	1039015	29	14309231
108	14309168	2	38	471134852	32.93	31	37	38	7	21	38	4087856	519859	2751123	6950314	16	14309231
109	14309166	2	38	474635561	33.17	32	36	38	6	23	38	12360078	653689	568943	726440	16	14309231
110	14309166	2	38	478643113	33.45	33	37	38	5	26	38	958005	12151128	547901	652118	14	14309231
111	14309166	2	38	497351200	34.76	35	37	38	3	31	38	708727	1037759	1424588	11138074	18	14309231
112	14309166	2	38	503560912	35.19	36	37	38	2	33	38	2009510	642597	10820999	836045	15	14309231
113	14309166	2	38	491613774	34.36	34	37	38	4	28	38	1450032	4946364	5682218	2230534	18	14309231
114	14309164	2	38	481991688	33.68	34	37	38	4	28	38	4398593	4863088	2405558	2641905	20	14309231
115	14309164	2	38	482840680	33.74	34	37	38	4	28	38	3662190	1666915	4596062	4383963	34	14309231
116	14309164	2	38	491803124	34.37	34	37	38	4	28	38	3055471	1281448	7866296	2105913	36	14309231
117	14309164	2	38	496611528	34.71	35	38	38	3	31	38	2423418	792937	8946992	2145803	14	14309231
118	14309164	2	38	491556580	34.35	34	37	38	4	28	38	971928	11915494	741536	680186	20	14309231
119	14309164	2	38	481089487	33.62	33	37	38	5	26	38	662333	1103981	598267	11944558	25	14309231
120	14309164	2	38	478452581	33.44	33	37	38	5	26	38	3791269	2121115	1905809	6490956	15	14309231
121	14309164	2	38	496397857	34.69	34	37	38	4	28	38	871222	587547	12027150	823235	10	14309231
122	14309164	2	38	470896828	32.91	31	37	38	7	21	38	11446219	586911	1679870	596159	5	14309231
123	14309164	2	38	481348892	33.64	33	37	38	5	26	38	3509630	517747	9628879	652907	1	14309231
124	14309164	9	38	490491052	34.28	34	37	38	4	28	38	1040331	805411	3932265	8531157	0	14309231
125	14309164	9	38	463977365	32.43	30	37	38	8	18	38	3313016	3743574	4131563	3121011	0	14309231
126	14309164	9	38	477670821	33.38	32	37	38	6	23	38	1872794	7958685	1060916	3416769	0	14309231
127	14309164	9	38	484649765	33.87	34	37	38	4	28	38	1803764	1937060	8469622	2098718	0	14309231
128	14309163	2	38	495916286	34.66	34	37	38	4	28	38	1434971	701038	11242375	930778	1	14309231
129	14309163	2	38	479367885	33.50	34	37	38	4	28	38	2188546	2067218	7496145	2557228	26	14309231
130	14309161	2	38	477941695	33.40	33	36	38	5	26	38	11543891	663824	1001790	1099570	86	14309231
131	14309161	2	38	492839940	34.44	34	37	38	4	28	38	1340506	503086	11845060	620502	7	14309231
132	14309161	2	38	452641893	31.63	29	35	37	8	17	38	10013245	613417	3084507	597984	8	14309231
133	14309161	2	38	489292923	34.19	34	37	38	4	28	38	931102	512947	12254508	610590	14	14309231
134	14309161	2	38	502038263	35.09	35	37	38	3	31	38	756206	495186	12450223	607529	17	14309231
135	14309161	2	38	472808378	33.04	32	37	38	6	23	38	3965091	1620160	5738584	2985315	11	14309231
136	14309161	2	38	480174034	33.56	34	37	38	4	28	38	5704242	908815	5644951	2051144	9	14309231
137	14309161	2	38	474578906	33.17	33	37	38	5	26	38	6442651	1213416	3907576	2745504	14	14309231
138	14309160	2	38	489559455	34.21	34	37	38	4	28	38	1696170	1715492	9861994	1035496	8	14309231
139	14309160	2	38	487591405	34.08	34	37	38	4	28	38	652631	4879397	1276586	7500538	8	14309231
140	14309160	2	38	498914701	34.87	35	37	38	3	31	38	1382829	589248	11404734	932339	10	14309231
141	14309158	2	38	507758763	35.48	36	38	38	2	33	38	723018	497997	12481175	606958	10	14309231
142	14309158	2	38	489984090	34.24	34	37	38	4	28	38	11858876	514025	1239995	696252	10	14309231
143	14309158	2	38	462535977	32.32	30	36	37	7	20	38	12487734	609047	557534	654835	8	14309231
144	14309158	2	38	469295298	32.80	31	37	38	7	21	38	1276911	1872615	553205	10606423	4	14309231
145	14309158	2	38	474164194	33.14	31	37	38	7	21	38	1184247	694967	781599	11648343	2	14309231
146	14309158	2	38	490221242	34.26	34	37	38	4	28	38	708050	9920886	1529560	2150661	1	14309231
147	14309158	9	38	499606162	34.92	36	38	38	2	33	38	1351046	10939882	953970	1064260	0	14309231
148	14309158	9	38	473493341	33.09	32	37	38	6	23	38	3611901	4518049	2780808	3398400	0	14309231
149	14309158	9	38	483423953	33.78	34	37	38	4	28	38	3009865	2077194	8091928	1130171	0	14309231
150	14309158	2	38	496745035	34.72	34	37	38	4	28	38	1056235	508241	12078049	666630	3	14309231
151	14309158	2	38	456849795	31.93	29	36	38	9	16	38	706922	517526	1719775	11364934	1	14309231
152	14309158	2	38	487521454	34.07	34	37	38	4	28	38	664750	488694	11907010	1248703	1	14309231
153	14309158	9	38	468735730	32.76	31	36	38	7	21	38	739025	513014	2077067	10980052	0	14309231
154	14309158	2	38	427313680	29.86	25	34	37	12	7	38	11802138	645426	722712	1138881	1	14309231
155	14309158	9	38	478413913	33.43	32	37	38	6	23	38	1305654	567819	11822973	612712	0	14309231
156	14309158	9	38	475895558	33.26	33	37	38	5	26	38	2566895	9272665	1487243	982355	0	14309231
157	14309158	9	38	484111179	33.83	34	37	38	4	28	38	2043881	1020885	10637971	606421	0	14309231
158	14309158	9	38	497324925	34.76	34	37	38	4	28	38	670280	489585	12488803	660490	0	14309231
159	14309158	9	38	458840647	32.07	29	36	38	9	16	38	659579	518220	1494981	11636378	0	14309231
160	14309158	9	38	481652211	33.66	34	37	38	4	28	38	890165	499710	11703397	1215886	0	14309231
161	14309158	2	38	457597907	31.98	29	36	38	9	16	38	11385366	567758	1778909	577123	2	14309231
162	14309158	9	38	451770689	31.57	27	34	37	10	12	38	12512704	590281	616300	589873	0	14309231
163	14309158	2	38	437476057	30.57	27	34	37	10	12	38	12525136	574883	565007	644131	1	14309231
164	14309158	8	38	438724793	30.66	26	34	37	11	10	38	1298625	520417	681278	11808838	0	14309231
165	14309158	9	38	474166885	33.14	31	37	38	7	21	38	698307	778648	9731313	3100890	0	14309231
166	14309157	8	38	468232731	32.72	31	37	38	7	21	38	672769	11488205	1198767	949416	0	14309231
167	14309157	2	38	487375697	34.06	34	37	38	4	28	38	757935	1092805	11403699	1054717	1	14309231
168	14309157	8	38	476444602	33.30	34	36	38	4	28	38	675009	1599335	1208646	10826167	0	14309231
169	14309157	7	38	411985395	28.79	24	32	37	13	7	38	11175777	920937	640961	1571482	0	14309231
170	14309157	2	38	471528916	32.95	31	36	38	7	21	38	1266155	502573	11833288	707140	1	14309231
171	14309157	7	38	406192457	28.39	22	31	36	14	7	38	11718635	673315	1271483	645724	0	14309231
172	14309157	8	38	431732878	30.17	25	34	38	13	8	38	1356566	515801	2885772	9551018	0	14309231
173	14309157	8	38	474654924	33.17	31	36	38	7	21	38	11877730	673670	636522	1121235	0	14309231
174	14309157	9	38	449653470	31.42	27	35	38	11	11	38	1286296	781077	609582	11632202	0	14309231
175	14309157	8	38	452695551	31.64	28	36	38	10	13	38	826920	7916942	1981962	3583333	0	14309231
176	14309157	2	38	439466238	30.71	26	34	38	12	8	38	3474996	3169825	3981030	3683305	1	14309231
177	14309157	9	38	473564513	33.10	31	37	38	7	21	38	1343065	891762	10693958	1380372	0	14309231
178	14309157	9	38	473068887	33.06	31	37	38	7	21	38	1648734	1424611	10512014	723798	0	14309231
179	14309157	8	38	463137217	32.37	30	36	38	8	18	38	11180445	748333	1248506	1131873	0	14309231
180	14309157	9	38	462573224	32.33	29	36	38	9	16	38	3756034	530641	9396922	625560	0	14309231
181	14309157	9	38	488907483	34.17	34	37	38	4	28	38	829364	488543	12393508	597742	0	14309231
182	14309157	2	38	476952864	33.33	34	37	38	4	28	38	11949726	499334	1315646	544448	3	14309231
183	14309157	9	38	448152711	31.32	27	34	37	10	12	38	12353450	825794	554547	575366	0	14309231
184	14309157	9	38	469216136	32.79	31	37	38	7	21	38	1397819	10696459	850956	1363923	0	14309231
185	14309157	9	38	470201378	32.86	31	37	38	7	21	38	11428876	1255011	981176	644094	0	14309231
186	14309157	2	38	479319249	33.50	33	37	38	5	26	38	1206124	11371174	577397	1154461	1	14309231
187	14309157	9	38	479921086	33.54	33	37	38	5	26	38	701889	12395895	573184	638189	0	14309231
188	14309157	9	38	461180841	32.23	30	36	38	8	18	38	4716703	1730984	6862773	998697	0	14309231
189	14309157	9	38	460998460	32.22	29	36	38	9	16	38	2842154	616872	10121456	728675	0	14309231
190	14309157	2	38	466140214	32.58	30	36	38	8	18	38	923710	730931	1307292	11347223	1	14309231
191	14309157	2	38	466463573	32.60	30	36	38	8	18	38	826697	588937	11260835	1632687	1	14309231
192	14309157	8	38	471363931	32.94	32	36	38	6	23	38	685400	572653	12408282	642822	0	14309231
193	14309157	8	38	450485339	31.48	28	35	37	9	15	38	677462	11516382	1336440	778873	0	14309231
194	14309157	9	38	468139188	32.72	30	36	38	8	18	38	740347	1118912	11802392	647506	0	14309231
195	14309157	2	38	452762421	31.64	28	36	38	10	13	38	11738945	607350	1255783	707078	1	14309231
196	14309157	2	38	439618165	30.72	25	34	38	13	6	38	12431173	607716	693055	577211	2	14309231
197	14309157	9	38	442539782	30.93	25	36	38	13	9	38	2270672	509783	10933178	595524	0	14309231
198	14309157	2	38	461082680	32.22	28	36	38	10	13	38	968073	577093	12170460	593530	1	14309231
199	14309157	7	38	408678132	28.56	22	31	37	15	7	38	747118	11627449	1338957	595633	0	14309231
200	14309157	9	38	451843188	31.58	27	36	38	11	11	38	2676332	1096010	9941114	595701	0	14309231
201	14309157	9	38	455501007	31.83	28	36	38	10	13	38	2389227	815976	10479844	624110	0	14309231
202	14309157	8	38	435378655	30.43	25	35	37	12	8	38	917893	9796860	2109972	1484432	0	14309231
203	14309157	2	38	412220834	28.81	23	34	37	14	2	38	2631305	3637017	1515965	6524869	1	14309231
204	14309157	8	38	418004314	29.21	23	34	38	15	8	38	2138078	5587294	1144990	5438795	0	14309231
205	14309157	9	38	418972837	29.28	23	34	38	15	9	38	3001817	5325395	1940183	4041762	0	14309231
206	14309157	2	38	396767394	27.73	22	29	36	14	2	38	732205	11945875	624305	1006771	1	14309231
207	14309157	8	38	427166253	29.85	25	34	37	12	8	38	646457	1303513	670881	11688306	0	14309231
208	14309157	8	38	434301004	30.35	25	34	37	12	8	38	1370487	509403	11168562	1260705	0	14309231
209	14309157	2	38	444714370	31.08	26	34	37	11	10	38	815907	727451	12120702	645096	1	14309231
210	14309157	2	38	420434369	29.38	23	34	37	14	2	38	6313583	1996227	4476559	1522787	1	14309231
211	14309157	8	38	428930695	29.98	24	34	38	14	8	38	1936140	9850003	1094086	1428928	0	14309231
212	14309157	8	38	426406053	29.80	23	34	38	15	8	38	2193980	8575039	1566774	1973364	0	14309231
213	14309157	9	38	441210425	30.83	25	36	38	13	9	38	3605225	1198518	7335488	2169926	0	14309231
214	14309157	9	38	421709555	29.47	23	34	38	15	9	38	3978059	1973948	4760078	3597072	0	14309231
215	14309157	8	38	413015701	28.86	22	34	38	16	8	38	2880023	3092468	1610763	6725903	0	14309231
216	14309157	8	38	427181499	29.85	24	34	38	14	8	38	8975475	2176357	882954	2274371	0	14309231
217	14309157	7	38	404133555	28.24	22	30	37	15	7	38	1158589	9589874	558507	3002187	0	14309231
218	14309157	7	38	430994734	30.12	25	34	37	12	7	38	664959	1409714	640517	11593967	0	14309231
219	14309157	2	38	431370338	30.15	25	34	37	12	7	38	757149	545076	11723926	1283005	1	14309231
220	14309157	2	38	385954577	26.97	21	29	37	16	2	38	11660142	798785	1261422	588807	1	14309231
221	14309157	7	38	377329406	26.37	20	29	36	16	7	38	1490779	11538696	675607	604075	0	14309231
222	14309157	9	38	425563507	29.74	25	34	36	11	9	38	2249172	1212986	10218865	628134	0	14309231
223	14309157	7	37	350735365	24.51	19	25	30	11	7	37	774945	11413893	1418993	701326	0	14309231
224	14309157	7	37	369296350	25.81	19	27	33	14	7	37	631554	1203000	609757	11864846	0	14309231
225	14309157	2	38	435697677	30.45	26	34	38	12	8	38	811090	2002233	10470124	1025709	1	14309231
226	14309157	2	37	342683952	23.95	17	24	32	15	2	37	11658396	718841	1338054	593865	1	14309231
227	14309157	2	38	418685574	29.26	24	34	37	13	5	38	1473970	519368	10467900	1847918	1	14309231
228	14309157	9	38	424084267	29.64	25	34	37	12	9	38	1944569	641593	11049749	673246	0	14309231
229	14309157	7	38	355218915	24.82	17	26	34	17	7	38	2554402	7859137	1560443	2335175	0	14309231
230	14309157	8	38	424325392	29.65	24	34	37	13	8	38	4370377	863123	8304881	770776	0	14309231
231	14309157	7	37	351580206	24.57	19	25	31	12	7	37	751904	11505468	1333613	718172	0	14309231
232	14309157	7	38	389920081	27.25	22	29	35	13	7	38	761210	1187203	11738144	622600	0	14309231
233	14309157	7	38	380285761	26.58	20	29	35	15	7	38	11709111	653751	1390291	556004	0	14309231
234	14309157	2	38	419559562	29.32	24	34	37	13	5	38	12118553	1011262	616294	563047	1	14309231
235	14309157	8	38	437269236	30.56	25	34	38	13	8	38	12211148	578111	979043	540855	0	14309231
236	14309157	7	38	392253064	27.41	22	29	35	13	7	38	1331859	619111	11722046	636141	0	14309231
237	14309157	7	37	344225308	24.06	18	25	30	12	7	37	706251	11399194	1417756	785956	0	14309231
238	14309157	9	38	389403512	27.21	18	30	36	18	9	38	773158	3176548	7659665	2699786	0	14309231
239	14309157	7	37	335637071	23.46	16	25	31	15	7	37	4807882	686719	1411969	7402587	0	14309231
240	14309157	7	37	343783130	24.03	18	25	31	13	7	37	938330	561679	11714040	1095108	0	14309231
241	14309157	7	37	340217623	23.78	18	24	30	12	7	37	693117	561327	12355894	698819	0	14309231
242	14309157	7	37	344792659	24.10	18	25	31	13	7	37	702659	541253	12343799	721446	0	14309231
243	14309157	7	37	351249464	24.55	18	25	33	15	7	37	753969	536448	11695656	1323084	0	14309231
244	14309157	7	37	321565494	22.47	16	24	29	13	7	37	11570826	667877	1342154	728300	0	14309231
245	14309157	8	38	380606696	26.60	20	29	35	15	8	38	1260680	608619	11538220	901638	0	14309231
246	14309157	7	37	317431620	22.18	16	24	29	13	7	37	852881	11423848	1391103	641325	0	14309231
247	14309157	7	38	372089624	26.00	18	27	36	18	7	38	9955461	1203797	2597566	552333	0	14309231
248	14309157	7	38	391745716	27.38	21	29	37	16	7	38	12250626	634462	871144	552925	0	14309231
249	14309157	2	38	431580238	30.16	25	34	37	12	7	38	12489801	698724	558753	561878	1	14309231
250	14309157	7	38	342409209	23.93	17	25	31	14	7	38	1688301	11286161	734261	600434	0	14309231
251	14309157	7	38	361968357	25.30	18	27	35	17	7	38	7283522	1575161	4892350	558124	0	14309231
252	14309157	2	38	380199435	26.57	20	28	35	15	2	38	1084275	576465	12018456	629960	1	14309231
253	14309157	2	38	417184423	29.16	23	33	37	14	2	38	752188	516742	12431050	609176	1	14309231
254	14309157	7	37	310317990	21.69	16	23	30	14	7	37	11376600	887013	1411735	633809	0	14309231
255	14309157	7	37	311805311	21.79	15	22	29	14	7	37	1335699	562922	788663	11621873	0	14309231
256	14309157	2	38	323311585	22.59	15	23	31	16	2	38	771660	525980	1033228	11978288	1	14309231
257	14309157	2	37	294831724	20.60	15	20	27	12	2	37	11604122	792770	649640	1262624	1	14309231
258	14309157	7	37	323418092	22.60	16	24	30	14	7	37	1387141	553857	11713851	654308	0	14309231
259	14309157	7	37	319270996	22.31	17	24	29	12	7	37	11442122	750217	1442762	674056	0	14309231
260	14309157	7	37	305556328	21.35	13	21	29	16	7	37	1486395	586810	872304	11363648	0	14309231
261	14309157	8	38	415035961	29.00	25	32	37	12	8	38	12002371	685832	529025	1091929	0	14309231
262	14309157	2	38	413995821	28.93	24	34	37	13	5	38	1428004	11743914	587905	549333	1	14309231
263	14309157	8	38	434216436	30.35	26	34	38	12	8	38	708009	12474896	567042	559210	0	14309231
264	14309157	8	38	456089364	31.87	27	36	38	11	11	38	676237	12507616	532630	592674	0	14309231
265	14309157	7	38	407309917	28.46	22	33	37	15	7	38	611403	5580001	819642	7298111	0	14309231
266	14309157	7	38	412525808	28.83	22	33	37	15	7	38	698185	856629	11717795	1036548	0	14309231
267	14309157	7	38	409923180	28.65	22	31	37	15	7	38	691098	537207	12345956	734896	0	14309231
268	14309157	2	37	329141967	23.00	17	24	30	13	2	37	755218	555762	1673480	11324696	1	14309231
269	14309157	2	37	311304489	21.76	16	21	29	13	2	37	11568190	859040	649053	1232873	1	14309231
270	14309157	9	38	355318399	24.83	17	26	34	17	9	38	1311224	541648	11667802	788483	0	14309231
271	14309157	7	37	302986006	21.17	13	20	27	14	7	37	652488	600855	1746005	11309809	0	14309231
272	14309157	7	37	338814634	23.68	19	25	32	13	7	37	780744	11762059	551737	1214617	0	14309231
273	14309157	9	38	432671702	30.24	27	34	37	10	12	38	718833	12491035	526512	572777	0	14309231
274	14309157	7	38	383894136	26.83	19	29	37	18	7	38	7463689	1598553	526969	4719946	0	14309231
275	14309157	7	37	321346062	22.46	13	22	30	17	7	37	3499651	6973531	2971667	864308	0	14309231
276	14309157	7	38	352606130	24.64	18	25	33	15	7	38	1011694	979648	11653158	664657	0	14309231
277	14309157	7	38	351671251	24.58	17	25	34	17	7	38	766974	11442639	1503359	596185	0	14309231
278	14309157	2	37	343332992	23.99	18	25	31	13	2	37	888625	10660863	633542	2126126	1	14309231
279	14309157	8	38	397197411	27.76	21	31	36	15	8	38	759467	5226243	7565487	757960	0	14309231
280	14309157	2	37	296617218	20.73	15	20	27	12	2	37	708676	668959	1468211	11463310	1	14309231
281	14309157	2	37	308166378	21.54	15	22	29	14	2	37	11504284	1056911	541904	1206057	1	14309231
282	14309157	7	37	306801872	21.44	15	21	29	14	7	37	11932924	1226309	586919	563005	0	14309231
283	14309157	2	38	293098430	20.48	15	19	27	12	2	38	12057955	1038986	632843	579372	1	14309231
284	14309157	7	37	269191030	18.81	12	19	25	13	7	37	1882546	10986958	840010	599643	0	14309231
285	14309157	7	37	293707009	20.53	13	19	27	14	7	37	772492	1154288	11318635	1063742	0	14309231
286	14309157	7	37	282962676	19.77	12	19	26	14	7	37	10062685	728749	2134063	1383660	0	14309231
287	14309157	7	37	286057087	19.99	12	19	27	15	7	37	1170107	565864	1086499	11486687	0	14309231
288	14309157	8	38	327986402	22.92	16	25	31	15	8	38	777637	533264	11772653	1225603	0	14309231
289	14309157	7	38	276043328	19.29	11	19	27	16	7	38	5597512	1637459	5674342	1399844	0	14309231
290	14309157	7	38	308035949	21.53	13	22	30	17	7	38	4775821	1544170	6574100	1415066	0	14309231
291	14309145	7	37	257510477	18.00	8	18	25	17	7	37	2404876	3413944	2772381	5717944	0	14309231
292	14309134	7	38	321294841	22.45	15	23	30	15	7	38	6472957	841988	6285880	708309	0	14309231
293	14309080	2	37	278587915	19.47	12	19	25	13	2	37	1425054	11019158	926484	938383	1	14309231
294	14309054	7	37	307338268	21.48	13	21	29	16	7	37	688398	1445323	690036	11485297	0	14309231
295	14308872	7	37	262466614	18.34	8	19	25	17	7	37	6323348	1233365	2480322	4271837	0	14309231
296	14308621	7	38	327027874	22.86	16	24	30	14	7	38	1319435	582967	11640965	765254	0	14309231
297	14169715	9	38	333284318	23.52	14	25	34	20	9	38	1954492	1826756	9250313	1138154	0	14309231
298	14145481	7	38	259275466	18.33	11	19	25	14	7	38	661856	2771187	2443157	8269281	0	14309231
299	14089780	8	38	335414391	23.81	16	25	34	18	8	38	1106061	758897	10901150	1323672	0	14309231
300	13923825	7	38	279419743	20.07	12	19	27	15	7	38	762794	513039	3010315	9637677	0	14309231
301	12586081	7	38	175988493	13.98	7	12	19	12	7	37	1297439	0	8022040	3266602	0	14309231
